Blake Bird (u0000000) birdy99@geemail.com
0 0 80 85 100 0 0 100 99 99 95
100 87 78
0 100 0 100 0 90 100 100 100 100
0 0 80 100 99 100 97 88 0 0
Samantha Smith (u0111111) sam.smith@geemail.com
100 96 80 85 92 56 70 98 99 100 75
65 80 95
100 100 90 100 90 90 80 100 100 90
66 70 80 73 93 100 97 88 64 98
John Fuller (u0222222) jfuller@geemail.com
50 76 80 85 100 73 96 88 91 72 100
75 85 95
80 100 100 100 90 90 90 100 100 90
86 77 54 100 83 90 77 68 94 99
Casey Brown (u0333333) caseyb@lol.com
100 96 90 95 100 93 96 88 91 92 100
95 96 97
100 100 100 100 90 90 100 100 100 90
96 97 94 100 93 90 97 98 94 99
Amy Gilmer (u0444444) amy.k.gilmer@lol.com
70 76 79 95 80 73 76 78 71 72 70
70 75 70
90 100 80 100 90 90 100 100 70 90
86 87 84 80 83 80 87 88 84 89
Jin Young (u0555555) the_jin@geemail.com
60 66 70 75 62 96 50 78 89 90 85
50 85 91
70 90 80 100 100 90 100 100 80 80
68 78 48 75 38 100 78 88 99 98
Jordan Jones (u0666666) jonesy3@lol.com
99 99 99 99 99 99 99 99 99 99 99
70 70 70
100 100 100 100 100 100 100 100 100 100
88 88 88 88 88 88 88 88 88 88
Alex Anderson (u0777777) doubleA@lol.com
77 77 77 77 77 77 77 77 77 77 77
80 80 90
100 100 100 100 0 0 100 100 100 100
99 99 99 99 99 99 99 99 99 99
Kennedy Miller (u0888888) we_love_puppies@geemail.com
91 82 73 64 55 100 90 81 72 63 54
45 70 91
90 0 90 0 90 0 90 0 90 0
0 94 0 94 0 94 0 94 0 94
Taylor Miller (u0999999) we_love_puppies@geemail.com
50 49 38 27 16 0 61 72 83 94 5
35 60 81
0 80 0 90 0 80 0 90 0 80
74 0 89 0 74 0 89 0 74 0